0
4143
789
926
383
253
288
283
501
354
252
150
214
289
416
270
120
86
116
208
2430
4008
0
1157
257
297
207
240
222
532
147
79
43
90
98
887
255
140
107
140
208
519
313
574
253
464
854
1810
677
619
331
435
1197
2054
658
318
274
428
477
0
0
0
0
0
0
1416
736
582
322
868
864
0
666
601
199
541
1037
505
180
313
274
364
0
106
55
207
178
349
0
0
82
0
0
0
0
183
32
257
189
524
0
489
261
329
396
309
0
448
244
1152
944
21
139
296
9
4
0
642
1538
187
94
92
57
29
64
13
76
36
61
17
0
1
62
5
40
75
43
50
39
86
55
65
26
26
90
87
217
99
107
88
94
49
141
195
52
77
165
122
148
193
37
57
104
112
132
115
101
41
24
50
160
158
112
293
94
0
104
0
73
0
50
207
98
0
68
0
135
78
25
51
115
115
145
82
90
88
82
68
43
27
136
92
119
61
22
44
82
29
67
14
41
24
89
98
17
58
20
54
92
47
23
28
20
54
63
68
18
146
8
20
137
33
6
10
0
37
9
26
0
4
0
31
17
32
23
43
52
61
48
23
48
26
90
55
63
42
26
49
68
82
42
59
18
55
86
102
329
0
47
41
0
54
40
113
0
0
73
0
121
69
180
74
40
60
30
79
77
92
67
20
24
25
136
44
80
66
71
26
64
102
113
32
39
55
71
233
55
74
81
87
140
176
247
71
135
31
116
66
74
123
155
57
143
58
73
279
104
84
109
125
89
154
146
45
0
43
0
40
0
87
436
61
0
36
0
132
129
45
37
90
165
120
245
93
567
24
111
25
60
202
198
58
219
10
84
125
24
38
48
87
57
157
138
35
26
109
151
64
62
103
75
28
79
43
55
133
53
69
47
156
161
244
163
102
85
78
40
84
25
136
303
25
99
70
63
55
34
77
77
88
37
42
165
24
101
39
86
64
128
23
109
35
86
38
111
