93
10
0
0
0
256
129
988
46
140
353
820
0
0
0
0
1038
333
0
469
273
25
48
0
316
163
920
817
368
570
92
136
17
1178
0
1206
1321
0
1430
0
123
0
590
14
135
301
0
79
0
0
0
0
10
0
243
1
0
35
0
83
0
57
0
8
0
274
11
0
538
663
771
0
0
372
15
160
146
306
79
28
697
9
201
0
196
180
50
5
132
0
909
0
0
0
0
128
87
349
49
298
282
14
0
593
0
41
170
431
0
179
173
0
0
138
0
0
27
0
0
238
90
234
371
208
77
118
676
35
116
0
254
123
129
0
969
0
0
91
222
228
110
0
12
194
614
292
304
0
546
526
287
382
182
538
120
0
312
101
308
55
1005
392
216
232
178
370
917
0
224
325
0
168
609
121
81
51
66
57
682
0
881
325
0
0
0
118
353
0
272
73
277
193
47
0
360
102
147
0
94
0
100
269
0
63
26
0
0
76
0
0
0
527
0
0
178
1499
0
0
10
227
0
547
115
61
118
20
229
94
166
156
532
393
89
56
474
27
0
332
100
72
1364
414
294
191
321
274
160
266
0
0
20
0
364
266
81
106
57
0
220
119
230
0
0
172
161
143
686
171
0
0
1511
0
0
49
62
263
37
0
49
0
50
89
100
84
95
4
231
0
194
0
0
51
0
68
10
0
30
3
69
66
186
125
0
372
543
0
0
0
265
0
20
104
22
0
0
0
179
0
0
1749
60
42
31
20
327
62
0
0
136
42
461
840
43
0
94
0
1268
90
851
0
202
140
0
1289
325
0
674
276
657
218
0
77
484
0
145
450
0
38
933
0
0
120
616
263
0
203
9
0
8
0
0
72
0
244
0
1259
274
94
183
0
1416
720
309
0
641
0
23
5
19
53
0
0
930
62
248
0
62
12
963
78
0
0
0
1
182
0
0
88
0
126
0
97
0
1324
0
12
36
1263
0
0
20
0
0
0
0
663
233
118
65
96
73
489
490
45
70
279
36
423
64
533
481
475
45
289
387
1071
159
0
0
502
986
118
116
105
0
381
0
1415
79
0
251
0
1118
0
1274
0
0
299
0
111
0
722
20
468
426
229
127
0
0
329
830
0
48
0
149
105
121
314
1389
0
0
231
0
0
30
0
192
107
1038
46
0
1136
0
951
293
0
1047
32
0
0
121
0
248
708
250
0
0
15
161
0
82
0
0
0
118
0
53
14
132
0
15
98
497
149
557
0
921
181
161
28
197
65
0
150
135
418
0
182
0
791
0
0
0
0
0
556
213
182
0
0
6
190
296
128
0
274
0
155
40
188
85
40
0
104
335
0
0
584
281
22
49
0
41
0
260
0
86
0
0
29
0
83
0
177
630
927
0
190
0
97
0
37
214
417
162
546
36
206
0
118
282
93
0
255
119
21
0
213
0
134
767
0
59
98
8
0
80
29
0
0
69
0
93
15
0
234
1254
551
81
519
545
10
93
42
77
0
635
95
0
11
0
0
0
69
0
113
66
61
152
24
22
0
40
278
146
4
0
0
467
57
91
0
0
354
0
5
367
0
0
20
0
47
20
0
133
0
820
0
40
703
62
1
151
268
159
20
118
116
1274
0
